names=cell(1,5);
onsets=cell(1,5);
durations=cell(1,5);
names{1}='AB';
onsets{1}=[114.13	123.87	147.54	159.05	180.60	343.63	431.55	441.70	494.54	505.50	538.76	560.49	594.44	860.55	992.42	1079.38	1111.52	1134.73	1146.66	1189.49	1201.65];
durations{1}=[0];
names{2}='CD';
onsets{2}=[135.64	170.31	190.54	201.14	210.61	222.18	233.52	245.99	256.67	267.73	279.43	289.84	300.74	310.54	322.43	332.62	355.79	365.67	375.67	386.51	408.41	420.31	451.65	461.44	474.02	483.44	517.54	528.42	549.63	572.73	584.46	606.74	617.72	629.53	639.68	651.53	662.53	674.45	684.58	696.36	706.37	717.38	727.58	739.44	750.33	761.45	773.50	783.72	795.50	807.38	818.54	829.67	840.65	850.47	870.38	881.40	893.51	903.64	915.51	925.74	936.44	946.50	958.61	969.87	980.42	1002.59	1014.54	1026.32	1037.40	1047.57	1058.82	1068.57	1089.42	1100.48	1123.58	1158.37	1168.31	1179.40];
durations{2}=[0];
names{3}='Control';
onsets{3}=[3.38	15.06	24.86	37.19	47.23	58.41	68.16	80.45	91.05	102.33	1211.58	1223.91	1235.99	1247.59	1257.99	1270.39	1279.96	1290.83	1300.87	1313.04];
durations{3}=[0];
names{4}='LOSS';
onsets{4}=[123.87	135.64	147.54	180.60	201.14	245.99	267.73	289.84	310.54	322.43	332.62	355.79	408.41	420.31	431.55	441.70	461.44	474.02	505.50	517.54	549.63	560.49	594.44	617.72	639.68	651.53	662.53	674.45	706.37	739.44	773.50	807.38	818.54	840.65	850.47	893.51	903.64	925.74	936.44	958.61	969.87	1002.59	1014.54	1037.40	1058.82	1079.38	1179.40];
durations{4}=[0];
names{5}='WIN';
onsets{5}=[114.13	159.05	170.31	190.54	210.61	222.18	233.52	256.67	279.43	300.74	343.63	365.67	375.67	386.51	451.65	483.44	494.54	528.42	538.76	572.73	584.46	606.74	629.53	684.58	696.36	717.38	727.58	750.33	761.45	783.72	795.50	829.67	860.55	870.38	881.40	915.51	946.50	980.42	992.42	1026.32	1047.57	1068.57	1089.42	1100.48	1111.52	1123.58	1134.73	1146.66	1158.37	1168.31	1189.49	1201.65];
durations{5}=[0];