Sno	VisitNo	TrialNo	Cond	Change	Total	Picked	RT	TPick	TFixOnTStart
67010	1	1	Exptl	200	2200	A	1771	3.77	5.80	0.00
67010	1	2	Exptl	190	2390	B	740	12.74	14.78	10.00
67010	1	3	Exptl	90	2480	C	777	24.78	26.80	22.00
67010	1	4	Exptl	100	2580	D	549	36.55	38.58	34.00
67010	1	5	Exptl	190	2770	A	615	47.62	49.66	45.00
67010	1	6	Exptl	-40	2730	C	474	58.48	60.51	56.00
67010	1	7	Exptl	-240	2490	B	468	69.47	71.51	67.00
67010	1	8	Exptl	90	2580	D	577	79.58	81.61	77.00
67010	1	9	Exptl	-50	2530	D	693	89.69	91.72	87.00
67010	1	10	Exptl	-250	2280	A	657	99.66	101.70	97.00
67010	1	11	Exptl	100	2380	C	566	110.57	112.60	108.00
67010	1	12	Exptl	200	2580	B	587	122.59	124.62	120.00
67010	1	13	Exptl	210	2790	A	544	134.55	136.57	132.00
67010	1	14	Exptl	110	2900	D	441	145.44	147.47	143.00
67010	1	15	Exptl	-40	2860	C	465	156.47	158.50	154.00
67010	1	16	Exptl	-240	2620	A	973	168.97	171.02	166.00
67010	1	17	Exptl	-40	2580	D	400	178.40	180.44	176.00
67010	1	18	Exptl	110	2690	C	845	189.85	191.89	187.00
67010	1	19	Exptl	90	2780	D	1084	200.09	202.11	197.00
67010	1	20	Exptl	-260	2520	A	505	211.51	213.53	209.00
67010	1	21	Exptl	90	2610	C	452	221.45	223.49	219.00
67010	1	22	Exptl	-60	2550	D	383	232.38	234.42	230.00
67010	1	23	Exptl	-260	2290	B	532	244.53	246.56	242.00
67010	1	24	Exptl	190	2480	A	349	254.35	256.39	252.00
67010	1	25	Exptl	210	2690	B	555	264.56	266.60	262.00
67010	1	26	Exptl	-60	2630	C	466	275.47	277.49	273.00
67010	1	27	Exptl	-260	2370	A	350	287.35	289.38	285.00
67010	1	28	Exptl	210	2580	A	330	297.33	299.37	295.00
67010	1	29	Exptl	210	2790	B	415	309.42	311.45	307.00
67010	1	30	Exptl	110	2900	C	906	320.91	322.93	318.00
67010	1	31	Exptl	-40	2860	D	783	330.78	332.82	328.00
67010	1	32	Exptl	110	2970	D	657	340.66	342.70	338.00
67010	1	33	Exptl	-60	2910	D	538	350.54	352.57	348.00
67010	1	34	Exptl	-260	2650	B	432	362.43	364.46	360.00
67010	1	35	Exptl	190	2840	B	304	372.31	374.33	370.00
67010	1	36	Exptl	-60	2780	C	312	383.31	385.35	381.00
67010	1	37	Exptl	-250	2530	B	480	394.48	396.52	392.00
67010	1	38	Exptl	90	2620	D	412	406.41	408.45	404.00
67010	1	39	Exptl	110	2730	D	100	417.10	419.14	415.00
67010	1	40	Exptl	-60	2670	D	774	427.78	429.81	425.00
67010	1	41	Exptl	-60	2610	D	523	438.53	440.56	436.00
67010	1	42	Exptl	-240	2370	A	467	449.47	451.51	447.00
67010	1	43	Exptl	-50	2320	C	452	461.45	463.48	459.00
67010	1	44	Exptl	-240	2080	A	1390	474.39	476.43	471.00
67010	1	45	Exptl	-240	1840	B	350	483.35	485.38	481.00
67010	1	46	Exptl	90	1930	D	326	495.33	497.37	493.00
67010	1	47	Exptl	110	2040	D	329	506.33	508.37	504.00
67010	1	48	Exptl	200	2240	B	1259	519.26	521.30	516.00
67010	1	49	Exptl	190	2430	A	742	528.74	530.78	526.00
67010	1	50	Exptl	-40	2390	D	2534	542.54	544.57	538.00
67010	1	51	Exptl	100	2490	C	534	551.54	553.57	549.00
67010	1	52	Exptl	210	2700	B	553	563.55	565.60	561.00
67010	1	53	Exptl	210	2910	A	1543	574.54	576.58	571.00
67010	1	54	Exptl	110	3020	C	2602	587.60	589.64	583.00
67010	1	55	Exptl	190	3210	B	666	595.67	597.70	593.00
67010	1	56	Exptl	-260	2950	A	45	606.05	608.08	604.00
67010	1	57	Exptl	-40	2910	C	458	616.46	618.49	614.00
67010	1	58	Exptl	100	3010	D	348	628.35	630.38	626.00
67010	1	59	Exptl	-60	2950	C	299	639.30	641.33	637.00
67010	1	60	Exptl	-40	2910	D	333	650.33	652.38	648.00
67010	1	61	Exptl	210	3120	A	84	662.09	664.11	660.00
67010	1	62	Exptl	190	3310	A	1563	673.56	675.60	670.00
67010	1	63	Exptl	-50	3260	D	1120	685.12	687.15	682.00
67010	1	64	Exptl	-40	3220	C	720	696.72	698.76	694.00
67010	1	65	Exptl	200	3420	A	286	707.29	709.32	705.00
67010	1	66	Exptl	-260	3160	A	65	718.07	720.10	716.00
67010	1	67	Exptl	-60	3100	D	1103	730.10	732.14	727.00
67010	1	68	Exptl	90	3190	C	463	739.46	741.49	737.00
67010	1	69	Exptl	90	3280	D	1145	750.15	752.19	747.00
67010	1	70	Exptl	110	3390	D	623	759.62	761.66	757.00
67010	1	71	Exptl	-240	3150	A	894	770.90	772.93	768.00
67010	1	72	Exptl	-260	2890	B	611	782.61	784.65	780.00
67010	1	73	Exptl	-250	2640	A	809	792.81	794.84	790.00
67010	1	74	Exptl	-60	2580	D	775	804.78	806.81	802.00
67010	1	75	Exptl	90	2670	D	746	814.75	816.79	812.00
67010	1	76	Exptl	110	2780	D	585	825.59	827.62	823.00
67010	1	77	Exptl	110	2890	C	307	835.31	837.34	833.00
67010	1	78	Exptl	-260	2630	B	1394	848.40	850.42	845.00
67010	1	79	Exptl	190	2820	A	369	858.37	860.40	856.00
67010	1	80	Exptl	-240	2580	A	440	869.44	871.48	867.00
67010	1	81	Exptl	-50	2530	C	722	881.72	883.75	879.00
67010	1	82	Exptl	-40	2490	D	476	891.48	893.51	889.00
67010	1	83	Exptl	100	2590	D	597	903.60	905.63	901.00
67010	1	84	Exptl	-40	2550	D	344	915.35	917.37	913.00
67010	1	85	Exptl	-50	2500	D	508	926.51	928.54	924.00
67010	1	86	Exptl	210	2710	A	278	936.28	938.31	934.00
67010	1	87	Exptl	-240	2470	B	313	947.31	949.34	945.00
67010	1	88	Exptl	100	2570	D	758	957.76	959.79	955.00
67010	1	89	Exptl	90	2660	C	370	968.37	970.40	966.00
67010	1	90	Exptl	210	2870	B	1116	979.12	981.15	976.00
67010	1	91	Exptl	0	2870	None	.	992.00	994.00	987.00
67010	1	92	Exptl	-260	2610	A	427	1000.43	1002.46	998.00
67010	1	93	Exptl	-60	2550	C	606	1012.61	1014.65	1010.00
67010	1	94	Exptl	210	2760	A	921	1023.92	1025.95	1021.00
67010	1	95	Exptl	90	2850	D	361	1035.36	1037.40	1033.00
67010	1	96	Exptl	-50	2800	D	1043	1048.04	1050.08	1045.00
67010	1	97	Exptl	110	2910	D	1143	1058.14	1060.17	1055.00
67010	1	98	Exptl	100	3010	C	423	1068.42	1070.47	1066.00
67010	1	99	Exptl	-40	2970	D	549	1078.55	1080.59	1076.00
67010	1	100	Exptl	-250	2720	B	282	1090.28	1092.31	1088.00
