Sno	VisitNo	TrialNo	Cond	Change	Total	Picked	RT	TPick	TFixOnTStart
67008	1	1	Exptl	200	2200	A	1275	3.28	5.30	0.00
67008	1	2	Exptl	100	2300	D	723	12.72	14.75	10.00
67008	1	3	Exptl	190	2490	B	748	24.75	26.78	22.00
67008	1	4	Exptl	90	2580	C	991	36.99	39.02	34.00
67008	1	5	Exptl	190	2770	A	858	47.86	49.90	45.00
67008	1	6	Exptl	-250	2520	A	679	58.68	60.72	56.00
67008	1	7	Exptl	90	2610	D	719	69.72	71.75	67.00
67008	1	8	Exptl	210	2820	A	678	79.68	81.70	77.00
67008	1	9	Exptl	-40	2780	C	737	89.74	91.78	87.00
67008	1	10	Exptl	-240	2540	A	651	99.65	101.69	97.00
67008	1	11	Exptl	-50	2490	D	779	110.78	112.82	108.00
67008	1	12	Exptl	-260	2230	A	573	122.57	124.61	120.00
67008	1	13	Exptl	-240	1990	B	693	134.69	136.73	132.00
67008	1	14	Exptl	190	2180	A	979	145.98	148.02	143.00
67008	1	15	Exptl	-260	1920	A	932	156.93	158.97	154.00
67008	1	16	Exptl	110	2030	D	659	168.66	170.70	166.00
67008	1	17	Exptl	100	2130	C	807	178.81	180.85	176.00
67008	1	18	Exptl	-40	2090	C	573	189.57	191.61	187.00
67008	1	19	Exptl	110	2200	C	986	199.99	202.02	197.00
67008	1	20	Exptl	200	2400	B	649	211.65	213.69	209.00
67008	1	21	Exptl	90	2490	C	649	221.65	223.68	219.00
67008	1	22	Exptl	-260	2230	B	714	232.72	234.75	230.00
67008	1	23	Exptl	210	2440	A	623	244.62	246.65	242.00
67008	1	24	Exptl	-240	2200	A	887	254.89	256.93	252.00
67008	1	25	Exptl	-40	2160	D	859	264.86	266.89	262.00
67008	1	26	Exptl	90	2250	D	948	275.95	277.99	273.00
67008	1	27	Exptl	-60	2190	C	525	287.53	289.56	285.00
67008	1	28	Exptl	110	2300	C	994	298.00	300.04	295.00
67008	1	29	Exptl	-60	2240	D	575	309.58	311.61	307.00
67008	1	30	Exptl	-60	2180	C	616	320.62	322.65	318.00
67008	1	31	Exptl	-50	2130	C	645	330.65	332.68	328.00
67008	1	32	Exptl	-40	2090	D	499	340.50	342.54	338.00
67008	1	33	Exptl	100	2190	C	586	350.59	352.63	348.00
67008	1	34	Exptl	-240	1950	A	498	362.50	364.53	360.00
67008	1	35	Exptl	110	2060	C	873	372.87	374.91	370.00
67008	1	36	Exptl	110	2170	D	648	383.65	385.68	381.00
67008	1	37	Exptl	-40	2130	C	675	394.68	396.71	392.00
67008	1	38	Exptl	-60	2070	D	685	406.69	408.71	404.00
67008	1	39	Exptl	-60	2010	C	760	417.76	419.80	415.00
67008	1	40	Exptl	-40	1970	C	611	427.61	429.65	425.00
67008	1	41	Exptl	90	2060	D	793	438.79	440.82	436.00
67008	1	42	Exptl	110	2170	D	888	449.89	451.92	447.00
67008	1	43	Exptl	-60	2110	D	939	461.94	463.98	459.00
67008	1	44	Exptl	190	2300	A	620	473.62	475.65	471.00
67008	1	45	Exptl	90	2390	C	782	483.78	485.82	481.00
67008	1	46	Exptl	-60	2330	D	494	495.50	497.53	493.00
67008	1	47	Exptl	110	2440	C	797	506.80	508.83	504.00
67008	1	48	Exptl	-50	2390	C	734	518.74	520.77	516.00
67008	1	49	Exptl	90	2480	C	1131	529.13	531.16	526.00
67008	1	50	Exptl	-60	2420	C	766	540.77	542.80	538.00
67008	1	51	Exptl	90	2510	D	1645	552.65	554.69	549.00
67008	1	52	Exptl	100	2610	C	741	563.74	565.77	561.00
67008	1	53	Exptl	110	2720	D	767	573.77	575.79	571.00
67008	1	54	Exptl	110	2830	C	553	585.55	587.58	583.00
67008	1	55	Exptl	-40	2790	D	1086	596.09	598.13	593.00
67008	1	56	Exptl	100	2890	D	510	606.51	608.54	604.00
67008	1	57	Exptl	-40	2850	D	598	616.60	618.63	614.00
67008	1	58	Exptl	-40	2810	C	670	628.67	630.70	626.00
67008	1	59	Exptl	-50	2760	D	594	639.60	641.64	637.00
67008	1	60	Exptl	-60	2700	D	604	650.61	652.64	648.00
67008	1	61	Exptl	-60	2640	C	715	662.72	664.74	660.00
67008	1	62	Exptl	90	2730	D	332	672.33	674.36	670.00
67008	1	63	Exptl	90	2820	C	540	684.54	686.57	682.00
67008	1	64	Exptl	-40	2780	C	543	696.54	698.58	694.00
67008	1	65	Exptl	110	2890	D	595	707.60	709.63	705.00
67008	1	66	Exptl	-60	2830	D	382	718.38	720.43	716.00
67008	1	67	Exptl	-50	2780	C	321	729.32	731.36	727.00
67008	1	68	Exptl	-60	2720	C	371	739.37	741.40	737.00
67008	1	69	Exptl	90	2810	D	547	749.55	751.59	747.00
67008	1	70	Exptl	90	2900	C	809	759.81	761.85	757.00
67008	1	71	Exptl	110	3010	C	684	770.69	772.72	768.00
67008	1	72	Exptl	110	3120	D	420	782.42	784.45	780.00
67008	1	73	Exptl	-40	3080	D	356	792.36	794.39	790.00
67008	1	74	Exptl	90	3170	C	677	804.68	806.72	802.00
67008	1	75	Exptl	100	3270	C	783	814.78	816.81	812.00
67008	1	76	Exptl	100	3370	D	543	825.54	827.58	823.00
67008	1	77	Exptl	-40	3330	C	572	835.57	837.60	833.00
67008	1	78	Exptl	-40	3290	D	768	847.77	849.81	845.00
67008	1	79	Exptl	-40	3250	C	520	858.52	860.55	856.00
67008	1	80	Exptl	-50	3200	D	824	869.83	871.86	867.00
67008	1	81	Exptl	-60	3140	C	532	881.53	883.56	879.00
67008	1	82	Exptl	100	3240	D	556	891.56	893.58	889.00
67008	1	83	Exptl	90	3330	D	752	903.75	905.79	901.00
67008	1	84	Exptl	90	3420	C	320	915.32	917.36	913.00
67008	1	85	Exptl	-50	3370	D	475	926.48	928.51	924.00
67008	1	86	Exptl	110	3480	C	330	936.33	938.37	934.00
67008	1	87	Exptl	110	3590	D	613	947.61	949.65	945.00
67008	1	88	Exptl	110	3700	C	713	957.71	959.74	955.00
67008	1	89	Exptl	-60	3640	C	619	968.62	970.66	966.00
67008	1	90	Exptl	-40	3600	D	399	978.40	980.43	976.00
67008	1	91	Exptl	210	3810	A	340	989.34	991.38	987.00
67008	1	92	Exptl	-50	3760	C	477	1000.48	1002.51	998.00
67008	1	93	Exptl	90	3850	D	297	1012.30	1014.34	1010.00
67008	1	94	Exptl	210	4060	B	501	1023.50	1025.54	1021.00
67008	1	95	Exptl	100	4160	C	622	1035.62	1037.66	1033.00
67008	1	96	Exptl	-60	4100	D	364	1047.37	1049.40	1045.00
67008	1	97	Exptl	110	4210	C	854	1057.86	1059.89	1055.00
67008	1	98	Exptl	-40	4170	D	657	1068.66	1070.69	1066.00
67008	1	99	Exptl	-40	4130	C	440	1078.44	1080.48	1076.00
67008	1	100	Exptl	110	4240	D	676	1090.68	1092.70	1088.00
