Sno	VisitNo	TrialNo	Cond	Change	Total	Picked	RT	TPick	TFixOnTStart
68014	1	1	Exptl	200	2200	A	1079	3.08	5.11	0.00
68014	1	2	Exptl	190	2390	B	611	12.61	14.65	10.00
68014	1	3	Exptl	90	2480	C	301	24.30	26.33	22.00
68014	1	4	Exptl	100	2580	D	542	36.54	38.58	34.00
68014	1	5	Exptl	190	2770	A	441	47.44	49.47	45.00
68014	1	6	Exptl	-250	2520	A	691	58.69	60.72	56.00
68014	1	7	Exptl	-240	2280	B	476	69.48	71.51	67.00
68014	1	8	Exptl	90	2370	D	518	79.52	81.55	77.00
68014	1	9	Exptl	-40	2330	C	535	89.54	91.57	87.00
68014	1	10	Exptl	210	2540	A	617	99.62	101.65	97.00
68014	1	11	Exptl	100	2640	C	457	110.46	112.49	108.00
68014	1	12	Exptl	200	2840	B	521	122.52	124.55	120.00
68014	1	13	Exptl	-50	2790	D	545	134.55	136.57	132.00
68014	1	14	Exptl	-40	2750	C	551	145.55	147.59	143.00
68014	1	15	Exptl	-240	2510	A	485	156.49	158.52	154.00
68014	1	16	Exptl	110	2620	C	639	168.64	170.68	166.00
68014	1	17	Exptl	-260	2360	A	335	178.34	180.37	176.00
68014	1	18	Exptl	90	2450	C	653	189.65	191.69	187.00
68014	1	19	Exptl	-260	2190	B	701	199.70	201.74	197.00
68014	1	20	Exptl	-60	2130	C	611	211.61	213.65	209.00
68014	1	21	Exptl	190	2320	A	860	221.86	223.89	219.00
68014	1	22	Exptl	110	2430	D	664	232.67	234.71	230.00
68014	1	23	Exptl	210	2640	B	547	244.55	246.58	242.00
68014	1	24	Exptl	-40	2600	D	576	254.58	256.60	252.00
68014	1	25	Exptl	110	2710	C	368	264.37	266.41	262.00
68014	1	26	Exptl	210	2920	B	1101	276.10	278.13	273.00
68014	1	27	Exptl	-260	2660	A	666	287.67	289.70	285.00
68014	1	28	Exptl	-60	2600	C	593	297.59	299.63	295.00
68014	1	29	Exptl	90	2690	D	486	309.49	311.53	307.00
68014	1	30	Exptl	-260	2430	B	301	320.30	322.35	318.00
68014	1	31	Exptl	210	2640	A	468	330.47	332.50	328.00
68014	1	32	Exptl	-50	2590	C	675	340.68	342.71	338.00
68014	1	33	Exptl	190	2780	B	596	350.60	352.64	348.01
68014	1	34	Exptl	-60	2720	D	723	362.72	364.77	360.00
68014	1	35	Exptl	-240	2480	A	404	372.41	374.43	370.00
68014	1	36	Exptl	-250	2230	B	588	383.59	385.62	381.00
68014	1	37	Exptl	-240	1990	A	428	394.44	396.48	392.00
68014	1	38	Exptl	100	2090	C	856	406.87	408.91	404.00
68014	1	39	Exptl	110	2200	C	1090	418.09	420.13	415.00
68014	1	40	Exptl	-40	2160	C	400	427.41	429.44	425.00
68014	1	41	Exptl	-60	2100	C	578	438.58	440.61	436.00
68014	1	42	Exptl	-240	1860	B	586	449.59	451.63	447.00
68014	1	43	Exptl	-40	1820	C	623	461.63	463.67	459.00
68014	1	44	Exptl	-40	1780	D	859	473.87	475.90	471.00
68014	1	45	Exptl	190	1970	A	634	483.64	485.69	481.01
68014	1	46	Exptl	90	2060	C	2022	497.03	499.06	493.00
68014	1	47	Exptl	200	2260	B	813	506.81	508.85	504.00
68014	1	48	Exptl	210	2470	A	693	518.70	520.73	516.00
68014	1	49	Exptl	110	2580	D	790	528.79	530.82	526.00
68014	1	50	Exptl	210	2790	B	965	540.98	543.01	538.00
68014	1	51	Exptl	110	2900	C	1469	552.47	554.51	549.00
68014	1	52	Exptl	-260	2640	A	450	563.45	565.49	561.00
68014	1	53	Exptl	-50	2590	C	695	573.70	575.74	571.00
68014	1	54	Exptl	90	2680	C	719	585.72	587.76	583.00
68014	1	55	Exptl	210	2890	A	590	595.59	597.62	593.00
68014	1	56	Exptl	190	3080	A	689	606.69	608.72	604.00
68014	1	57	Exptl	200	3280	A	699	616.70	618.74	614.00
68014	1	58	Exptl	-260	3020	A	669	628.67	630.70	626.00
68014	1	59	Exptl	-60	2960	C	517	639.52	641.55	637.00
68014	1	60	Exptl	100	3060	C	601	650.60	652.64	648.00
68014	1	61	Exptl	-240	2820	A	702	662.70	664.73	660.00
68014	1	62	Exptl	190	3010	B	801	672.80	674.84	670.00
68014	1	63	Exptl	-260	2750	B	694	684.70	686.73	682.00
68014	1	64	Exptl	-250	2500	A	664	696.67	698.71	694.00
68014	1	65	Exptl	-60	2440	D	626	707.63	709.67	705.00
68014	1	66	Exptl	0	2440	None	.	721.00	723.00	716.00
68014	1	67	Exptl	190	2630	A	775	729.78	731.82	727.00
68014	1	68	Exptl	-260	2370	B	570	739.57	741.61	737.00
68014	1	69	Exptl	110	2480	C	387	749.39	751.42	747.00
68014	1	70	Exptl	-40	2440	C	642	759.64	761.68	757.00
68014	1	71	Exptl	-240	2200	A	559	770.56	772.59	768.00
68014	1	72	Exptl	210	2410	A	575	782.58	784.61	780.00
68014	1	73	Exptl	-260	2150	A	775	792.78	794.81	790.00
68014	1	74	Exptl	210	2360	A	633	804.65	806.68	802.00
68014	1	75	Exptl	-240	2120	B	898	814.90	816.94	812.00
68014	1	76	Exptl	-60	2060	C	602	825.61	827.65	823.00
68014	1	77	Exptl	90	2150	D	518	835.52	837.56	833.00
68014	1	78	Exptl	190	2340	A	555	847.56	849.60	845.01
68014	1	79	Exptl	-260	2080	A	642	858.64	860.68	856.00
68014	1	80	Exptl	210	2290	B	1279	870.28	872.32	867.00
68014	1	81	Exptl	200	2490	A	632	881.63	883.67	879.00
68014	1	82	Exptl	90	2580	C	959	891.96	894.00	889.00
68014	1	83	Exptl	0	2580	None	.	906.00	908.00	901.00
68014	1	84	Exptl	-240	2340	A	859	915.86	917.89	913.00
68014	1	85	Exptl	-250	2090	B	553	926.55	928.59	924.00
68014	1	86	Exptl	190	2280	B	674	936.68	938.71	934.00
68014	1	87	Exptl	-250	2030	A	395	947.40	949.44	945.00
68014	1	88	Exptl	-40	1990	C	573	957.57	959.60	955.00
68014	1	89	Exptl	-240	1750	B	827	968.83	970.85	966.00
68014	1	90	Exptl	200	1950	A	1537	979.55	981.59	976.00
68014	1	91	Exptl	190	2140	A	887	989.89	991.93	987.00
68014	1	92	Exptl	-50	2090	C	665	1000.68	1002.72	998.00
68014	1	93	Exptl	-60	2030	C	908	1012.91	1014.95	1010.00
68014	1	94	Exptl	210	2240	A	628	1023.63	1025.66	1021.00
68014	1	95	Exptl	-250	1990	A	614	1035.62	1037.65	1033.00
68014	1	96	Exptl	-240	1750	A	961	1047.96	1050.00	1045.00
68014	1	97	Exptl	-260	1490	A	836	1057.85	1059.89	1055.02
68014	1	98	Exptl	-260	1230	B	787	1068.79	1070.82	1066.00
68014	1	99	Exptl	110	1340	D	720	1078.73	1080.76	1076.00
68014	1	100	Exptl	190	1530	A	677	1090.68	1092.71	1088.00
