Sno	VisitNo	TrialNo	Cond	Change	Total	Picked	RT	TPick	TFixOnTStart
66016	1	1	Exptl	0	2000	None	.	5.00	7.00	0.00
66016	1	2	Exptl	200	2200	A	520	12.52	14.55	10.00
66016	1	3	Exptl	90	2290	C	506	24.51	26.54	22.00
66016	1	4	Exptl	190	2480	A	1206	37.21	39.23	34.00
66016	1	5	Exptl	190	2670	B	520	47.52	49.55	45.00
66016	1	6	Exptl	100	2770	D	818	58.82	60.85	56.00
66016	1	7	Exptl	-250	2520	A	521	69.52	71.54	67.00
66016	1	8	Exptl	-40	2480	C	854	79.85	81.89	77.00
66016	1	9	Exptl	210	2690	A	501	89.50	91.53	87.00
66016	1	10	Exptl	100	2790	C	412	99.41	101.43	97.00
66016	1	11	Exptl	90	2880	D	633	110.63	112.67	108.00
66016	1	12	Exptl	-240	2640	B	508	122.51	124.54	120.00
66016	1	13	Exptl	200	2840	B	494	134.49	136.53	132.00
66016	1	14	Exptl	-260	2580	B	618	145.62	147.64	143.00
66016	1	15	Exptl	210	2790	B	520	156.52	158.54	154.00
66016	1	16	Exptl	-40	2750	C	484	168.48	170.51	166.00
66016	1	17	Exptl	-50	2700	D	695	178.70	180.72	176.00
66016	1	18	Exptl	110	2810	D	788	189.79	191.82	187.00
66016	1	19	Exptl	-240	2570	A	613	199.61	201.65	197.00
66016	1	20	Exptl	-260	2310	A	516	211.52	213.55	209.00
66016	1	21	Exptl	190	2500	A	1052	222.05	224.08	219.00
66016	1	22	Exptl	-40	2460	D	436	232.44	234.46	230.00
66016	1	23	Exptl	210	2670	B	515	244.52	246.55	242.00
66016	1	24	Exptl	-260	2410	A	501	254.50	256.52	252.00
66016	1	25	Exptl	110	2520	C	460	264.46	266.48	262.00
66016	1	26	Exptl	-260	2260	B	458	275.46	277.48	273.00
66016	1	27	Exptl	90	2350	D	536	287.54	289.57	285.00
66016	1	28	Exptl	210	2560	A	717	297.72	299.75	295.00
66016	1	29	Exptl	-60	2500	D	856	309.86	311.89	307.00
66016	1	30	Exptl	-40	2460	D	842	320.84	322.87	318.00
66016	1	31	Exptl	190	2650	B	407	330.41	332.44	328.00
66016	1	32	Exptl	110	2760	D	394	340.39	342.42	338.00
66016	1	33	Exptl	-250	2510	B	457	350.46	352.49	348.00
66016	1	34	Exptl	-240	2270	B	330	362.33	364.36	360.00
66016	1	35	Exptl	200	2470	B	459	372.46	374.49	370.00
66016	1	36	Exptl	-240	2230	A	540	383.54	385.57	381.00
66016	1	37	Exptl	210	2440	B	642	394.64	396.67	392.00
66016	1	38	Exptl	-60	2380	D	1016	407.02	409.05	404.00
66016	1	39	Exptl	-240	2140	A	541	417.54	419.58	415.00
66016	1	40	Exptl	190	2330	A	343	427.34	429.37	425.00
66016	1	41	Exptl	190	2520	B	531	438.53	440.57	436.00
66016	1	42	Exptl	90	2610	C	630	449.63	451.67	447.00
66016	1	43	Exptl	90	2700	D	687	461.69	463.72	459.00
66016	1	44	Exptl	-60	2640	C	452	473.45	475.48	471.00
66016	1	45	Exptl	110	2750	D	513	483.51	485.53	481.00
66016	1	46	Exptl	110	2860	C	513	495.51	497.54	493.00
66016	1	47	Exptl	-260	2600	B	434	506.43	508.46	504.00
66016	1	48	Exptl	210	2810	A	838	518.84	520.87	516.00
66016	1	49	Exptl	-60	2750	C	637	528.64	530.67	526.00
66016	1	50	Exptl	-50	2700	C	449	540.45	542.48	538.00
66016	1	51	Exptl	100	2800	C	536	551.54	553.56	549.00
66016	1	52	Exptl	-260	2540	B	661	563.66	565.68	561.00
66016	1	53	Exptl	-240	2300	B	603	573.60	575.64	571.00
66016	1	54	Exptl	210	2510	B	436	585.44	587.46	583.00
66016	1	55	Exptl	-260	2250	A	552	595.55	597.59	593.00
66016	1	56	Exptl	210	2460	A	367	606.37	608.40	604.00
66016	1	57	Exptl	-250	2210	B	577	616.58	618.61	614.00
66016	1	58	Exptl	190	2400	B	541	628.54	630.57	626.00
66016	1	59	Exptl	-60	2340	D	706	639.71	641.73	637.00
66016	1	60	Exptl	-60	2280	D	653	650.65	652.68	648.00
66016	1	61	Exptl	90	2370	D	463	662.46	664.49	660.00
66016	1	62	Exptl	110	2480	D	601	672.60	674.63	670.00
66016	1	63	Exptl	-240	2240	B	465	684.47	686.50	682.00
66016	1	64	Exptl	-40	2200	D	547	696.55	698.58	694.00
66016	1	65	Exptl	100	2300	D	507	707.51	709.54	705.00
66016	1	66	Exptl	110	2410	C	1356	719.36	721.38	716.00
66016	1	67	Exptl	190	2600	A	577	729.58	731.61	727.00
66016	1	68	Exptl	-40	2560	D	419	739.42	741.45	737.00
66016	1	69	Exptl	-50	2510	D	498	749.50	751.52	747.00
66016	1	70	Exptl	200	2710	A	495	759.50	761.53	757.00
66016	1	71	Exptl	-60	2650	D	434	770.43	772.46	768.00
66016	1	72	Exptl	-260	2390	A	522	782.52	784.55	780.00
66016	1	73	Exptl	-240	2150	A	475	792.48	794.51	790.00
66016	1	74	Exptl	-250	1900	A	438	804.44	806.46	802.00
66016	1	75	Exptl	190	2090	A	609	814.61	816.64	812.00
66016	1	76	Exptl	-40	2050	C	575	825.58	827.61	823.00
66016	1	77	Exptl	-260	1790	B	475	835.48	837.51	833.00
66016	1	78	Exptl	200	1990	B	419	847.42	849.45	845.00
66016	1	79	Exptl	-240	1750	A	999	859.00	861.02	856.00
66016	1	80	Exptl	210	1960	A	463	869.46	871.48	867.00
66016	1	81	Exptl	-60	1900	C	500	881.50	883.52	879.00
66016	1	82	Exptl	-40	1860	C	497	891.50	893.53	889.00
66016	1	83	Exptl	90	1950	C	416	903.42	905.44	901.00
66016	1	84	Exptl	90	2040	D	510	915.51	917.54	913.00
66016	1	85	Exptl	-260	1780	A	546	926.55	928.58	924.00
66016	1	86	Exptl	110	1890	D	569	936.57	938.60	934.00
66016	1	87	Exptl	210	2100	A	367	947.37	949.40	945.00
66016	1	88	Exptl	110	2210	C	494	957.49	959.52	955.00
66016	1	89	Exptl	210	2420	B	560	968.56	970.59	966.00
66016	1	90	Exptl	190	2610	A	433	978.43	980.46	976.00
66016	1	91	Exptl	-50	2560	C	599	989.60	991.63	987.00
66016	1	92	Exptl	90	2650	C	398	1000.40	1002.43	998.00
66016	1	93	Exptl	-60	2590	D	459	1012.46	1014.48	1010.00
66016	1	94	Exptl	-260	2330	A	664	1023.66	1025.68	1021.00
66016	1	95	Exptl	200	2530	A	451	1035.45	1037.47	1033.00
66016	1	96	Exptl	-60	2470	C	492	1047.49	1049.53	1045.00
66016	1	97	Exptl	100	2570	C	595	1057.60	1059.62	1055.00
66016	1	98	Exptl	-240	2330	A	388	1068.39	1070.42	1066.00
66016	1	99	Exptl	-250	2080	A	534	1078.53	1080.56	1076.00
66016	1	100	Exptl	200	2280	A	537	1090.54	1092.57	1088.00
