Sno	VisitNo	TrialNo	Cond	Change	Total	Picked	RT	TPick	TFixOnTStart
66005	1	1	Exptl	190	2190	B	1440	3.44	5.46	0.00
66005	1	2	Exptl	200	2390	A	1131	13.13	15.15	10.00
66005	1	3	Exptl	100	2490	D	734	24.73	26.76	22.00
66005	1	4	Exptl	190	2680	A	662	36.66	38.69	34.00
66005	1	5	Exptl	90	2770	C	567	47.57	49.59	45.00
66005	1	6	Exptl	-250	2520	A	609	58.61	60.64	56.00
66005	1	7	Exptl	-240	2280	B	528	69.53	71.56	67.00
66005	1	8	Exptl	200	2480	B	580	79.58	81.62	77.00
66005	1	9	Exptl	210	2690	A	837	89.84	91.86	87.00
66005	1	10	Exptl	-40	2650	C	632	99.63	101.66	97.00
66005	1	11	Exptl	100	2750	C	372	110.37	112.40	108.00
66005	1	12	Exptl	-240	2510	A	511	122.51	124.54	120.00
66005	1	13	Exptl	-260	2250	A	556	134.56	136.59	132.00
66005	1	14	Exptl	190	2440	A	635	145.64	147.66	143.00
66005	1	15	Exptl	-40	2400	C	522	156.52	158.56	154.00
66005	1	16	Exptl	90	2490	D	432	168.43	170.46	166.00
66005	1	17	Exptl	-260	2230	B	540	178.54	180.57	176.00
66005	1	18	Exptl	210	2440	B	604	189.60	191.64	187.00
66005	1	19	Exptl	-260	2180	A	425	199.43	201.46	197.00
66005	1	20	Exptl	-50	2130	D	563	211.56	213.58	209.00
66005	1	21	Exptl	210	2340	B	599	221.60	223.63	219.00
66005	1	22	Exptl	-260	2080	B	483	232.48	234.51	230.00
66005	1	23	Exptl	110	2190	C	649	244.65	246.68	242.00
66005	1	24	Exptl	210	2400	A	582	254.58	256.61	252.00
66005	1	25	Exptl	90	2490	C	524	264.52	266.55	262.00
66005	1	26	Exptl	110	2600	D	493	275.49	277.53	273.00
66005	1	27	Exptl	-240	2360	A	464	287.46	289.50	285.00
66005	1	28	Exptl	-240	2120	A	557	297.56	299.59	295.00
66005	1	29	Exptl	190	2310	A	644	309.64	311.67	307.00
66005	1	30	Exptl	-40	2270	D	416	320.42	322.45	318.00
66005	1	31	Exptl	-60	2210	C	664	330.66	332.69	328.00
66005	1	32	Exptl	190	2400	B	604	340.60	342.63	338.00
66005	1	33	Exptl	210	2610	A	460	350.46	352.49	348.00
66005	1	34	Exptl	110	2720	C	309	362.31	364.34	360.00
66005	1	35	Exptl	-250	2470	B	738	372.74	374.77	370.00
66005	1	36	Exptl	90	2560	D	802	383.80	385.84	381.00
66005	1	37	Exptl	-260	2300	A	813	394.81	396.84	392.00
66005	1	38	Exptl	-60	2240	C	543	406.54	408.57	404.00
66005	1	39	Exptl	0	2240	None	.	420.00	422.00	415.00
66005	1	40	Exptl	210	2450	A	488	427.49	429.51	425.00
66005	1	41	Exptl	190	2640	A	807	438.81	440.83	436.00
66005	1	42	Exptl	200	2840	A	289	449.29	451.33	447.00
66005	1	43	Exptl	-240	2600	B	267	461.27	463.30	459.00
66005	1	44	Exptl	-260	2340	A	274	473.27	475.31	471.00
66005	1	45	Exptl	-240	2100	A	293	483.29	485.33	481.00
66005	1	46	Exptl	-250	1850	A	339	495.34	497.37	493.00
66005	1	47	Exptl	190	2040	A	325	506.33	508.35	504.00
66005	1	48	Exptl	200	2240	B	249	518.25	520.27	516.00
66005	1	49	Exptl	-240	2000	A	409	528.41	530.43	526.00
66005	1	50	Exptl	-60	1940	D	372	540.37	542.41	538.00
66005	1	51	Exptl	-50	1890	C	408	551.41	553.44	549.00
66005	1	52	Exptl	210	2100	B	635	563.64	565.66	561.00
66005	1	53	Exptl	210	2310	A	354	573.35	575.39	571.00
66005	1	54	Exptl	100	2410	C	284	585.28	587.31	583.00
66005	1	55	Exptl	-260	2150	A	464	595.46	597.50	593.00
66005	1	56	Exptl	-40	2110	D	333	606.33	608.37	604.00
66005	1	57	Exptl	210	2320	A	423	616.42	618.46	614.00
66005	1	58	Exptl	190	2510	B	230	628.23	630.26	626.00
66005	1	59	Exptl	110	2620	D	366	639.37	641.39	637.00
66005	1	60	Exptl	110	2730	C	368	650.37	652.39	648.00
66005	1	61	Exptl	190	2920	A	454	662.45	664.48	660.00
66005	1	62	Exptl	-260	2660	B	383	672.38	674.41	670.00
66005	1	63	Exptl	-60	2600	D	291	684.29	686.31	682.00
66005	1	64	Exptl	-40	2560	C	794	696.79	698.82	694.00
66005	1	65	Exptl	-60	2500	C	330	707.33	709.35	705.00
66005	1	66	Exptl	-40	2460	C	354	718.35	720.38	716.00
66005	1	67	Exptl	90	2550	C	349	729.35	731.38	727.00
66005	1	68	Exptl	110	2660	C	263	739.26	741.29	737.00
66005	1	69	Exptl	90	2750	D	384	749.38	751.42	747.00
66005	1	70	Exptl	-260	2490	B	633	759.63	761.66	757.00
66005	1	71	Exptl	-260	2230	A	407	770.41	772.44	768.00
66005	1	72	Exptl	-50	2180	C	513	782.51	784.55	780.00
66005	1	73	Exptl	110	2290	D	1092	793.09	795.12	790.00
66005	1	74	Exptl	200	2490	A	496	804.50	806.53	802.00
66005	1	75	Exptl	-60	2430	D	480	814.48	816.50	812.00
66005	1	76	Exptl	-240	2190	B	495	825.50	827.52	823.00
66005	1	77	Exptl	-240	1950	A	451	835.45	837.48	833.00
66005	1	78	Exptl	90	2040	C	510	847.51	849.53	845.00
66005	1	79	Exptl	-60	1980	C	301	858.30	860.33	856.00
66005	1	80	Exptl	-250	1730	A	577	869.58	871.61	867.00
66005	1	81	Exptl	200	1930	A	337	881.34	883.37	879.00
66005	1	82	Exptl	190	2120	A	463	891.46	893.49	889.00
66005	1	83	Exptl	100	2220	C	566	903.57	905.60	901.00
66005	1	84	Exptl	210	2430	B	305	915.31	917.34	913.00
66005	1	85	Exptl	210	2640	A	634	926.63	928.67	924.00
66005	1	86	Exptl	110	2750	C	551	936.55	938.58	934.00
66005	1	87	Exptl	-60	2690	D	576	947.58	949.61	945.00
66005	1	88	Exptl	-40	2650	C	653	957.65	959.69	955.00
66005	1	89	Exptl	-250	2400	B	450	968.45	970.49	966.00
66005	1	90	Exptl	-250	2150	A	537	978.54	980.56	976.00
66005	1	91	Exptl	-240	1910	A	336	989.34	991.37	987.00
66005	1	92	Exptl	90	2000	D	377	1000.38	1002.41	998.00
66005	1	93	Exptl	-60	1940	C	472	1012.47	1014.50	1010.00
66005	1	94	Exptl	-260	1680	A	535	1023.54	1025.56	1021.00
66005	1	95	Exptl	190	1870	A	346	1035.35	1037.38	1033.00
66005	1	96	Exptl	190	2060	B	471	1047.47	1049.51	1045.00
66005	1	97	Exptl	-240	1820	B	715	1057.72	1059.75	1055.00
66005	1	98	Exptl	-260	1560	A	598	1068.60	1070.63	1066.00
66005	1	99	Exptl	210	1770	A	430	1078.43	1080.46	1076.00
66005	1	100	Exptl	-260	1510	B	366	1090.37	1092.39	1088.00
