Sno	VisitNo	TrialNo	Cond	Change	Total	Picked	RT	TPick	TFixOnTStart
68009	1	1	Exptl	0	2000	None	.	5.00	7.00	0.00
68009	1	2	Exptl	200	2200	A	557	12.56	14.59	10.00
68009	1	3	Exptl	190	2390	A	658	24.66	26.68	22.00
68009	1	4	Exptl	-250	2140	A	732	36.73	38.76	34.00
68009	1	5	Exptl	190	2330	B	642	47.64	49.67	45.00
68009	1	6	Exptl	90	2420	C	494	58.49	60.52	56.00
68009	1	7	Exptl	100	2520	D	680	69.68	71.70	67.00
68009	1	8	Exptl	210	2730	A	1394	80.39	82.42	77.00
68009	1	9	Exptl	-240	2490	B	518	89.52	91.55	87.00
68009	1	10	Exptl	200	2690	B	1387	100.39	102.42	97.00
68009	1	11	Exptl	-40	2650	C	478	110.48	112.51	108.00
68009	1	12	Exptl	90	2740	D	589	122.59	124.61	120.00
68009	1	13	Exptl	-240	2500	A	484	134.48	136.52	132.00
68009	1	14	Exptl	-260	2240	A	412	145.41	147.44	143.00
68009	1	15	Exptl	-260	1980	B	401	156.40	158.43	154.00
68009	1	16	Exptl	100	2080	C	480	168.48	170.51	166.00
68009	1	17	Exptl	-50	2030	D	1587	179.59	181.62	176.00
68009	1	18	Exptl	110	2140	D	749	189.75	191.78	187.00
68009	1	19	Exptl	-40	2100	D	622	199.62	201.66	197.00
68009	1	20	Exptl	-40	2060	C	492	211.49	213.53	209.00
68009	1	21	Exptl	210	2270	B	307	221.31	223.34	219.00
68009	1	22	Exptl	190	2460	A	645	232.65	234.67	230.00
68009	1	23	Exptl	210	2670	B	543	244.54	246.58	242.00
68009	1	24	Exptl	110	2780	C	638	254.64	256.67	252.00
68009	1	25	Exptl	-260	2520	B	521	264.52	266.56	262.00
68009	1	26	Exptl	90	2610	D	476	275.48	277.51	273.00
68009	1	27	Exptl	-260	2350	A	478	287.48	289.51	285.00
68009	1	28	Exptl	190	2540	B	400	297.40	299.44	295.00
68009	1	29	Exptl	210	2750	A	804	309.80	311.83	307.00
68009	1	30	Exptl	-240	2510	A	516	320.52	322.54	318.00
68009	1	31	Exptl	-250	2260	B	274	330.27	332.30	328.00
68009	1	32	Exptl	90	2350	C	645	340.65	342.68	338.00
68009	1	33	Exptl	-240	2110	B	335	350.34	352.37	348.00
68009	1	34	Exptl	-60	2050	D	590	362.59	364.62	360.00
68009	1	35	Exptl	-240	1810	A	634	372.63	374.67	370.00
68009	1	36	Exptl	190	2000	A	400	383.40	385.43	381.00
68009	1	37	Exptl	200	2200	B	375	394.38	396.41	392.00
68009	1	38	Exptl	-60	2140	C	540	406.54	408.57	404.00
68009	1	39	Exptl	-40	2100	D	345	417.35	419.38	415.00
68009	1	40	Exptl	210	2310	A	503	427.50	429.52	425.00
68009	1	41	Exptl	210	2520	B	355	438.36	440.39	436.00
68009	1	42	Exptl	110	2630	C	464	449.46	451.49	447.00
68009	1	43	Exptl	110	2740	D	374	461.37	463.41	459.00
68009	1	44	Exptl	-60	2680	C	394	473.39	475.42	471.00
68009	1	45	Exptl	-260	2420	A	350	483.35	485.38	481.00
68009	1	46	Exptl	-50	2370	C	1263	496.26	498.29	493.00
68009	1	47	Exptl	190	2560	B	1267	507.27	509.30	504.00
68009	1	48	Exptl	-260	2300	B	247	518.25	520.27	516.00
68009	1	49	Exptl	100	2400	C	349	528.35	530.38	526.00
68009	1	50	Exptl	-60	2340	D	418	540.42	542.45	538.00
68009	1	51	Exptl	210	2550	A	292	551.29	553.32	549.00
68009	1	52	Exptl	-260	2290	B	405	563.41	565.44	561.00
68009	1	53	Exptl	190	2480	A	442	573.44	575.46	571.00
68009	1	54	Exptl	110	2590	C	367	585.37	587.40	583.00
68009	1	55	Exptl	200	2790	A	371	595.37	597.39	593.00
68009	1	56	Exptl	-40	2750	C	334	606.33	608.36	604.00
68009	1	57	Exptl	-260	2490	A	366	616.37	618.40	614.00
68009	1	58	Exptl	-60	2430	C	276	628.28	630.31	626.00
68009	1	59	Exptl	-240	2190	B	556	639.56	641.59	637.00
68009	1	60	Exptl	90	2280	D	588	650.59	652.62	648.00
68009	1	61	Exptl	210	2490	B	537	662.54	664.56	660.00
68009	1	62	Exptl	-250	2240	B	.	672.00	674.03	670.00
68009	1	63	Exptl	-40	2200	C	643	684.64	686.68	682.00
68009	1	64	Exptl	-240	1960	A	228	696.23	698.26	694.00
68009	1	65	Exptl	-250	1710	A	262	707.26	709.30	705.00
68009	1	66	Exptl	190	1900	B	249	718.25	720.28	716.00
68009	1	67	Exptl	90	1990	C	966	729.97	732.00	727.00
68009	1	68	Exptl	190	2180	A	499	739.50	741.52	737.00
68009	1	69	Exptl	-240	1940	B	507	749.51	751.53	747.00
68009	1	70	Exptl	110	2050	C	389	759.39	761.42	757.00
68009	1	71	Exptl	110	2160	D	372	770.37	772.40	768.00
68009	1	72	Exptl	0	2160	None	.	785.00	787.00	780.00
68009	1	73	Exptl	-240	1920	A	492	792.49	794.52	790.00
68009	1	74	Exptl	-260	1660	B	345	804.35	806.37	802.00
68009	1	75	Exptl	210	1870	A	283	814.28	816.31	812.00
68009	1	76	Exptl	200	2070	B	436	825.44	827.46	823.00
68009	1	77	Exptl	-50	2020	C	420	835.42	837.45	833.00
68009	1	78	Exptl	-260	1760	A	322	847.32	849.36	845.00
68009	1	79	Exptl	210	1970	B	312	858.31	860.34	856.00
68009	1	80	Exptl	190	2160	B	428	869.43	871.46	867.00
68009	1	81	Exptl	210	2370	A	353	881.35	883.38	879.00
68009	1	82	Exptl	190	2560	A	1206	892.21	894.23	889.00
68009	1	83	Exptl	-260	2300	A	2269	905.27	907.29	901.00
68009	1	84	Exptl	-260	2040	B	395	915.40	917.42	913.00
68009	1	85	Exptl	-240	1800	B	701	926.70	928.73	924.00
68009	1	86	Exptl	200	2000	A	370	936.37	938.41	934.00
68009	1	87	Exptl	-240	1760	A	329	947.33	949.36	945.00
68009	1	88	Exptl	-250	1510	A	272	957.27	959.30	955.00
68009	1	89	Exptl	200	1710	A	259	968.26	970.29	966.00
68009	1	90	Exptl	190	1900	A	310	978.31	980.34	976.00
68009	1	91	Exptl	210	2110	B	335	989.34	991.37	987.00
68009	1	92	Exptl	-250	1860	B	379	1000.38	1002.40	998.00
68009	1	93	Exptl	190	2050	B	391	1012.39	1014.42	1010.00
68009	1	94	Exptl	90	2140	C	377	1023.38	1025.41	1021.00
68009	1	95	Exptl	-60	2080	C	2263	1037.26	1039.29	1033.00
68009	1	96	Exptl	-60	2020	D	296	1047.30	1049.32	1045.00
68009	1	97	Exptl	210	2230	A	345	1057.35	1059.38	1055.00
68009	1	98	Exptl	-250	1980	A	296	1068.30	1070.33	1066.00
68009	1	99	Exptl	-240	1740	A	374	1078.37	1080.40	1076.00
68009	1	100	Exptl	-260	1480	A	217	1090.22	1092.24	1088.00
