Sno	VisitNo	TrialNo	Cond	Change	Total	Picked	RT	TPick	TFixOnTStart
66013	1	1	Exptl	0	2000	None	.	5.00	7.00	0.00
66013	1	2	Exptl	200	2200	A	621	12.62	14.66	10.00
66013	1	3	Exptl	100	2300	D	1250	25.25	27.29	22.00
66013	1	4	Exptl	190	2490	B	1148	37.15	39.18	34.00
66013	1	5	Exptl	90	2580	C	1137	48.14	50.18	45.00
66013	1	6	Exptl	190	2770	A	1340	59.34	61.38	56.00
66013	1	7	Exptl	90	2860	D	763	69.76	71.80	67.00
66013	1	8	Exptl	-250	2610	A	1132	80.13	82.17	77.00
66013	1	9	Exptl	210	2820	A	834	89.84	91.87	87.00
66013	1	10	Exptl	-240	2580	A	1993	100.99	103.02	97.00
66013	1	11	Exptl	-260	2320	A	1213	111.21	113.25	108.00
66013	1	12	Exptl	190	2510	A	559	122.56	124.60	120.00
66013	1	13	Exptl	-40	2470	C	891	134.89	136.92	132.00
66013	1	14	Exptl	-260	2210	A	981	145.98	148.02	143.00
66013	1	15	Exptl	-50	2160	D	1218	157.22	159.26	154.00
66013	1	16	Exptl	100	2260	C	1310	169.31	171.35	166.00
66013	1	17	Exptl	-240	2020	B	1423	179.42	181.46	176.00
66013	1	18	Exptl	110	2130	D	1356	190.36	192.39	187.00
66013	1	19	Exptl	210	2340	A	1296	200.30	202.33	197.00
66013	1	20	Exptl	200	2540	B	1073	212.08	214.12	209.00
66013	1	21	Exptl	-40	2500	C	1126	222.13	224.16	219.00
66013	1	22	Exptl	-40	2460	D	1033	233.03	235.07	230.00
66013	1	23	Exptl	90	2550	D	725	244.73	246.76	242.00
66013	1	24	Exptl	110	2660	C	904	254.91	256.94	252.00
66013	1	25	Exptl	-60	2600	D	1524	265.53	267.57	262.00
66013	1	26	Exptl	-260	2340	B	1883	276.89	278.92	273.00
66013	1	27	Exptl	-240	2100	A	1065	288.07	290.10	285.00
66013	1	28	Exptl	-240	1860	A	1058	298.06	300.09	295.00
66013	1	29	Exptl	190	2050	A	871	309.87	311.91	307.00
66013	1	30	Exptl	90	2140	C	1021	321.02	323.06	318.00
66013	1	31	Exptl	210	2350	A	845	330.85	332.89	328.00
66013	1	32	Exptl	-40	2310	D	699	340.70	342.74	338.00
66013	1	33	Exptl	-60	2250	C	886	350.89	352.92	348.00
66013	1	34	Exptl	110	2360	C	952	362.95	364.99	360.00
66013	1	35	Exptl	-260	2100	A	863	372.87	374.90	370.00
66013	1	36	Exptl	210	2310	A	745	383.75	385.78	381.00
66013	1	37	Exptl	110	2420	D	1101	395.10	397.13	392.00
66013	1	38	Exptl	-60	2360	D	1297	407.30	409.34	404.00
66013	1	39	Exptl	90	2450	D	909	417.91	419.95	415.00
66013	1	40	Exptl	110	2560	D	1866	428.87	430.90	425.00
66013	1	41	Exptl	-60	2500	D	1196	439.20	441.23	436.00
66013	1	42	Exptl	-60	2440	D	738	449.74	451.77	447.00
66013	1	43	Exptl	90	2530	D	872	461.87	463.91	459.00
66013	1	44	Exptl	110	2640	D	956	473.96	475.99	471.00
66013	1	45	Exptl	210	2850	B	705	483.71	485.74	481.00
66013	1	46	Exptl	-60	2790	C	626	495.63	497.67	493.00
66013	1	47	Exptl	210	3000	B	1336	507.34	509.37	504.00
66013	1	48	Exptl	-40	2960	D	1002	519.00	521.04	516.00
66013	1	49	Exptl	100	3060	D	1571	529.57	531.60	526.00
66013	1	50	Exptl	-40	3020	D	1222	541.22	543.26	538.00
66013	1	51	Exptl	0	3020	None	.	554.00	556.00	549.00
66013	1	52	Exptl	-50	2970	D	1005	564.01	566.04	561.00
66013	1	53	Exptl	-60	2910	D	995	574.00	576.03	571.00
66013	1	54	Exptl	90	3000	D	994	586.00	588.02	583.00
66013	1	55	Exptl	110	3110	D	855	595.86	597.90	593.00
66013	1	56	Exptl	-50	3060	C	1341	607.34	609.38	604.00
66013	1	57	Exptl	190	3250	A	867	616.87	618.90	614.00
66013	1	58	Exptl	100	3350	C	1150	629.15	631.18	626.00
66013	1	59	Exptl	-260	3090	B	1044	640.05	642.08	637.00
66013	1	60	Exptl	190	3280	B	937	650.94	652.98	648.00
66013	1	61	Exptl	110	3390	C	1170	663.17	665.20	660.00
66013	1	62	Exptl	-60	3330	D	1345	673.35	675.38	670.00
66013	1	63	Exptl	90	3420	D	1107	685.11	687.15	682.00
66013	1	64	Exptl	110	3530	D	985	696.99	699.02	694.00
66013	1	65	Exptl	-40	3490	C	971	707.97	710.00	705.00
66013	1	66	Exptl	200	3690	A	635	718.64	720.66	716.00
66013	1	67	Exptl	0	3690	None	.	732.00	734.00	727.00
66013	1	68	Exptl	-60	3630	C	995	740.00	742.02	737.00
66013	1	69	Exptl	-40	3590	D	749	749.75	751.78	747.00
66013	1	70	Exptl	100	3690	D	1910	760.91	762.95	757.00
66013	1	71	Exptl	-40	3650	D	653	770.65	772.69	768.00
66013	1	72	Exptl	-50	3600	D	1148	783.15	785.18	780.00
66013	1	73	Exptl	100	3700	D	750	792.75	794.78	790.00
66013	1	74	Exptl	-250	3450	B	725	804.73	806.76	802.00
66013	1	75	Exptl	-240	3210	B	979	814.98	817.02	812.00
66013	1	76	Exptl	200	3410	B	765	825.77	827.80	823.00
66013	1	77	Exptl	-40	3370	C	854	835.86	837.89	833.00
66013	1	78	Exptl	90	3460	C	897	847.90	849.93	845.00
66013	1	79	Exptl	90	3550	D	156	858.16	860.19	856.00
66013	1	80	Exptl	-50	3500	D	682	869.68	871.73	867.00
66013	1	81	Exptl	-260	3240	A	615	881.62	883.65	879.00
66013	1	82	Exptl	-240	3000	A	779	891.78	893.82	889.00
66013	1	83	Exptl	-250	2750	A	825	903.83	905.86	901.00
66013	1	84	Exptl	190	2940	A	1000	916.00	918.04	913.00
66013	1	85	Exptl	-240	2700	A	867	926.87	928.90	924.00
66013	1	86	Exptl	210	2910	A	708	936.71	938.74	934.00
66013	1	87	Exptl	-260	2650	A	941	947.94	949.98	945.00
66013	1	88	Exptl	210	2860	A	803	957.81	959.83	955.00
66013	1	89	Exptl	110	2970	D	1023	969.03	971.07	966.00
66013	1	90	Exptl	110	3080	C	814	978.82	980.86	976.00
66013	1	91	Exptl	190	3270	A	713	989.72	991.75	987.00
66013	1	92	Exptl	-40	3230	D	746	1000.75	1002.79	998.00
66013	1	93	Exptl	90	3320	D	800	1012.80	1014.84	1010.00
66013	1	94	Exptl	-60	3260	D	921	1023.92	1025.96	1021.00
66013	1	95	Exptl	-40	3220	D	1139	1036.14	1038.17	1033.00
66013	1	96	Exptl	110	3330	D	1479	1048.48	1050.51	1045.00
66013	1	97	Exptl	-50	3280	C	1138	1058.14	1060.18	1055.00
66013	1	98	Exptl	90	3370	C	1169	1069.17	1071.21	1066.00
66013	1	99	Exptl	210	3580	B	1486	1079.49	1081.52	1076.00
66013	1	100	Exptl	0	3580	None	.	1093.00	1095.00	1088.00
