Sno	VisitNo	TrialNo	Cond	Change	Total	Picked	RT	TPick	TFixOnTStart
68008	1	1	Exptl	0	2000	None	.	5.00	7.00	0.00
68008	1	2	Exptl	90	2090	C	615	12.62	14.64	10.00
68008	1	3	Exptl	190	2280	B	956	24.96	26.99	22.00
68008	1	4	Exptl	200	2480	A	730	36.73	38.77	34.00
68008	1	5	Exptl	100	2580	D	872	47.87	49.91	45.00
68008	1	6	Exptl	190	2770	A	723	58.73	60.75	56.00
68008	1	7	Exptl	-250	2520	A	627	69.63	71.67	67.00
68008	1	8	Exptl	-240	2280	B	818	79.82	81.85	77.00
68008	1	9	Exptl	210	2490	A	1146	90.15	92.19	87.00
68008	1	10	Exptl	200	2690	B	970	99.97	102.01	97.00
68008	1	11	Exptl	-40	2650	C	906	110.91	112.94	108.00
68008	1	12	Exptl	-240	2410	A	1128	123.13	125.17	120.00
68008	1	13	Exptl	-260	2150	A	725	134.73	136.76	132.00
68008	1	14	Exptl	90	2240	D	881	145.88	147.92	143.00
68008	1	15	Exptl	190	2430	A	739	156.74	158.77	154.00
68008	1	16	Exptl	100	2530	C	1054	169.06	171.10	166.00
68008	1	17	Exptl	-50	2480	D	829	178.83	180.87	176.00
68008	1	18	Exptl	-260	2220	B	632	189.63	191.67	187.00
68008	1	19	Exptl	-260	1960	A	819	199.82	201.86	197.00
68008	1	20	Exptl	-40	1920	C	744	211.75	213.78	209.00
68008	1	21	Exptl	110	2030	D	954	221.96	223.99	219.00
68008	1	22	Exptl	110	2140	C	512	232.51	234.55	230.00
68008	1	23	Exptl	-40	2100	D	958	244.96	247.00	242.00
68008	1	24	Exptl	90	2190	C	1288	255.29	257.32	252.00
68008	1	25	Exptl	-60	2130	C	954	264.96	266.99	262.00
68008	1	26	Exptl	210	2340	A	705	275.71	277.74	273.00
68008	1	27	Exptl	90	2430	D	523	287.52	289.56	285.00
68008	1	28	Exptl	110	2540	C	782	297.78	299.82	295.00
68008	1	29	Exptl	210	2750	B	718	309.72	311.75	307.00
68008	1	30	Exptl	-240	2510	A	706	320.71	322.74	318.00
68008	1	31	Exptl	-60	2450	C	669	330.67	332.70	328.00
68008	1	32	Exptl	-60	2390	D	1009	341.01	343.05	338.00
68008	1	33	Exptl	210	2600	B	726	350.73	352.77	348.00
68008	1	34	Exptl	-50	2550	C	685	362.69	364.73	360.00
68008	1	35	Exptl	-240	2310	A	663	372.66	374.70	370.00
68008	1	36	Exptl	-260	2050	B	976	383.98	386.02	381.00
68008	1	37	Exptl	-40	2010	D	1063	395.06	397.10	392.00
68008	1	38	Exptl	190	2200	A	925	406.93	408.96	404.00
68008	1	39	Exptl	190	2390	B	660	417.66	419.70	415.00
68008	1	40	Exptl	100	2490	C	762	427.76	429.79	425.00
68008	1	41	Exptl	110	2600	D	852	438.85	440.89	436.00
68008	1	42	Exptl	210	2810	A	1231	450.23	452.26	447.00
68008	1	43	Exptl	-250	2560	B	701	461.70	463.73	459.00
68008	1	44	Exptl	110	2670	C	677	473.68	475.70	471.00
68008	1	45	Exptl	-60	2610	D	1226	484.23	486.27	481.00
68008	1	46	Exptl	-260	2350	A	706	495.71	497.73	493.00
68008	1	47	Exptl	90	2440	D	416	506.42	508.45	504.00
68008	1	48	Exptl	-40	2400	C	560	518.56	520.59	516.00
68008	1	49	Exptl	210	2610	A	723	528.72	530.77	526.00
68008	1	50	Exptl	-240	2370	B	455	540.46	542.49	538.00
68008	1	51	Exptl	-60	2310	C	607	551.61	553.64	549.00
68008	1	52	Exptl	110	2420	D	588	563.59	565.63	561.00
68008	1	53	Exptl	-40	2380	C	609	573.61	575.65	571.00
68008	1	54	Exptl	190	2570	A	678	585.68	587.71	583.00
68008	1	55	Exptl	200	2770	B	608	595.61	597.65	593.00
68008	1	56	Exptl	90	2860	C	734	606.74	608.76	604.00
68008	1	57	Exptl	-60	2800	D	750	616.75	618.79	614.00
68008	1	58	Exptl	110	2910	C	645	628.65	630.68	626.00
68008	1	59	Exptl	210	3120	B	474	639.48	641.51	637.00
68008	1	60	Exptl	-50	3070	C	669	650.67	652.71	648.00
68008	1	61	Exptl	-60	3010	D	668	662.67	664.70	660.00
68008	1	62	Exptl	200	3210	A	694	672.70	674.72	670.00
68008	1	63	Exptl	190	3400	B	678	684.68	686.71	682.00
68008	1	64	Exptl	90	3490	C	552	696.55	698.58	694.00
68008	1	65	Exptl	90	3580	D	867	707.87	709.90	705.00
68008	1	66	Exptl	-260	3320	A	641	718.64	720.68	716.00
68008	1	67	Exptl	110	3430	D	638	729.64	731.67	727.00
68008	1	68	Exptl	-60	3370	C	423	739.42	741.45	737.00
68008	1	69	Exptl	-260	3110	B	417	749.42	751.45	747.00
68008	1	70	Exptl	-240	2870	A	523	759.53	761.56	757.00
68008	1	71	Exptl	-250	2620	A	850	770.85	772.89	768.00
68008	1	72	Exptl	100	2720	C	687	782.69	784.73	780.00
68008	1	73	Exptl	-260	2460	B	454	792.46	794.48	790.00
68008	1	74	Exptl	110	2570	C	685	804.69	806.73	802.00
68008	1	75	Exptl	-240	2330	B	529	814.53	816.57	812.00
68008	1	76	Exptl	-40	2290	C	618	825.62	827.65	823.00
68008	1	77	Exptl	190	2480	A	720	835.72	837.76	833.00
68008	1	78	Exptl	210	2690	B	592	847.59	849.63	845.00
68008	1	79	Exptl	-60	2630	C	846	858.85	860.88	856.00
68008	1	80	Exptl	-240	2390	A	737	869.74	871.78	867.00
68008	1	81	Exptl	-40	2350	D	510	881.51	883.55	879.00
68008	1	82	Exptl	90	2440	C	650	891.65	893.69	889.00
68008	1	83	Exptl	-250	2190	B	1076	904.08	906.12	901.00
68008	1	84	Exptl	210	2400	A	641	915.64	917.67	913.00
68008	1	85	Exptl	100	2500	D	845	926.85	928.89	924.00
68008	1	86	Exptl	-40	2460	D	748	936.75	938.78	934.00
68008	1	87	Exptl	-260	2200	A	878	947.88	949.91	945.00
68008	1	88	Exptl	-40	2160	C	643	957.64	959.69	955.00
68008	1	89	Exptl	-50	2110	C	393	968.39	970.43	966.00
68008	1	90	Exptl	-60	2050	C	470	978.47	980.51	976.00
68008	1	91	Exptl	90	2140	C	596	989.60	991.62	987.00
68008	1	92	Exptl	110	2250	C	753	1000.75	1002.79	998.00
68008	1	93	Exptl	90	2340	C	774	1012.78	1014.81	1010.00
68008	1	94	Exptl	100	2440	C	835	1023.84	1025.86	1021.00
68008	1	95	Exptl	-40	2400	C	542	1035.54	1037.58	1033.00
68008	1	96	Exptl	-40	2360	C	483	1047.48	1049.52	1045.00
68008	1	97	Exptl	-60	2300	C	529	1057.53	1059.56	1055.00
68008	1	98	Exptl	90	2390	C	399	1068.40	1070.43	1066.00
68008	1	99	Exptl	110	2500	C	454	1078.46	1080.49	1076.00
68008	1	100	Exptl	110	2610	C	490	1090.49	1092.53	1088.00
Sno	VisitNo	TrialNo	Cond	Change	Total	Picked	RT	TPick	TFixOnTStart
67007	1	1	Exptl	200	2200	A	817	2.82	4.86	0.00
67007	1	2	Exptl	90	2290	C	488	12.49	14.53	10.00
67007	1	3	Exptl	0	2290	None	.	27.00	29.00	22.00
67007	1	4	Exptl	100	2390	D	457	36.46	38.49	34.00
67007	1	5	Exptl	190	2580	A	894	47.90	49.93	45.00
67007	1	6	Exptl	-40	2540	C	1569	59.57	61.60	56.00
67007	1	7	Exptl	-250	2290	A	397	69.40	71.44	67.00
67007	1	8	Exptl	90	2380	D	1059	80.06	82.10	77.00
67007	1	9	Exptl	100	2480	C	365	89.37	91.40	87.00
67007	1	10	Exptl	-50	2430	D	367	99.37	101.40	97.00
67007	1	11	Exptl	-40	2390	C	1019	111.02	113.05	108.00
67007	1	12	Exptl	210	2600	A	394	122.40	124.43	120.00
67007	1	13	Exptl	-240	2360	A	428	134.43	136.46	132.00
67007	1	14	Exptl	110	2470	D	352	145.35	147.39	143.00
67007	1	15	Exptl	110	2580	C	499	156.50	158.54	154.00
67007	1	16	Exptl	90	2670	C	631	168.63	170.66	166.00
67007	1	17	Exptl	-40	2630	D	370	178.37	180.40	176.00
67007	1	18	Exptl	-260	2370	A	340	189.34	191.37	187.00
67007	1	19	Exptl	90	2460	D	380	199.38	201.41	197.00
67007	1	20	Exptl	190	2650	A	362	211.36	213.40	209.00
67007	1	21	Exptl	-60	2590	C	357	221.36	223.39	219.00
67007	1	22	Exptl	-260	2330	A	674	232.68	234.71	230.00
67007	1	23	Exptl	-60	2270	D	369	244.37	246.41	242.00
67007	1	24	Exptl	110	2380	C	384	254.39	256.42	252.00
67007	1	25	Exptl	-60	2320	C	368	264.37	266.41	262.00
67007	1	26	Exptl	210	2530	A	349	275.35	277.38	273.00
67007	1	27	Exptl	-50	2480	C	554	287.56	289.58	285.00
67007	1	28	Exptl	-40	2440	D	1247	298.25	300.28	295.00
67007	1	29	Exptl	100	2540	C	376	309.38	311.41	307.00
67007	1	30	Exptl	110	2650	D	409	320.41	322.45	318.00
67007	1	31	Exptl	-240	2410	A	269	330.27	332.30	328.00
67007	1	32	Exptl	110	2520	C	324	340.33	342.36	338.00
67007	1	33	Exptl	-40	2480	C	441	350.44	352.47	348.00
67007	1	34	Exptl	-240	2240	A	297	362.30	364.33	360.00
67007	1	35	Exptl	-60	2180	D	302	372.30	374.33	370.00
67007	1	36	Exptl	-60	2120	C	407	383.41	385.44	381.00
67007	1	37	Exptl	190	2310	A	397	394.40	396.43	392.00
67007	1	38	Exptl	90	2400	D	352	406.35	408.39	404.00
67007	1	39	Exptl	110	2510	D	451	417.45	419.49	415.00
67007	1	40	Exptl	-60	2450	D	574	427.58	429.61	425.00
67007	1	41	Exptl	-40	2410	C	392	438.39	440.43	436.00
67007	1	42	Exptl	-60	2350	D	358	449.36	451.39	447.00
67007	1	43	Exptl	210	2560	A	293	461.30	463.33	459.00
67007	1	44	Exptl	90	2650	C	951	473.95	475.99	471.00
67007	1	45	Exptl	110	2760	C	872	483.87	485.90	481.00
67007	1	46	Exptl	90	2850	D	462	495.46	497.50	493.00
67007	1	47	Exptl	110	2960	D	471	506.47	508.50	504.00
67007	1	48	Exptl	-260	2700	A	303	518.30	520.34	516.00
67007	1	49	Exptl	-50	2650	C	314	528.32	530.35	526.00
67007	1	50	Exptl	210	2860	A	356	540.36	542.39	538.00
67007	1	51	Exptl	90	2950	C	348	551.35	553.39	549.00
67007	1	52	Exptl	-40	2910	D	527	563.53	565.56	561.00
67007	1	53	Exptl	-60	2850	C	460	573.46	575.49	571.00
67007	1	54	Exptl	190	3040	A	382	585.38	587.41	583.00
67007	1	55	Exptl	100	3140	D	331	595.33	597.37	593.00
67007	1	56	Exptl	200	3340	A	264	606.27	608.30	604.00
67007	1	57	Exptl	100	3440	C	308	616.31	618.34	614.00
67007	1	58	Exptl	-40	3400	D	296	628.30	630.33	626.00
67007	1	59	Exptl	110	3510	C	385	639.39	641.41	637.00
67007	1	60	Exptl	-40	3470	C	499	650.50	652.53	648.00
67007	1	61	Exptl	-260	3210	A	307	662.31	664.35	660.00
67007	1	62	Exptl	-50	3160	D	420	672.42	674.46	670.00
67007	1	63	Exptl	-60	3100	C	312	684.31	686.35	682.00
67007	1	64	Exptl	-240	2860	A	297	696.30	698.34	694.00
67007	1	65	Exptl	-250	2610	A	326	707.33	709.35	705.00
67007	1	66	Exptl	-60	2550	D	354	718.36	720.39	716.00
67007	1	67	Exptl	190	2740	A	294	729.30	731.33	727.00
67007	1	68	Exptl	90	2830	C	343	739.34	741.38	737.00
67007	1	69	Exptl	-40	2790	C	331	749.33	751.37	747.00
67007	1	70	Exptl	90	2880	D	854	759.86	761.90	757.00
67007	1	71	Exptl	-50	2830	C	347	770.35	772.37	768.00
67007	1	72	Exptl	-60	2770	C	505	782.51	784.55	780.00
67007	1	73	Exptl	-240	2530	A	560	792.56	794.59	790.00
67007	1	74	Exptl	110	2640	D	302	804.30	806.34	802.00
67007	1	75	Exptl	210	2850	A	386	814.39	816.42	812.00
67007	1	76	Exptl	-60	2790	D	291	825.29	827.33	823.00
67007	1	77	Exptl	90	2880	C	502	835.50	837.54	833.00
67007	1	78	Exptl	90	2970	D	472	847.47	849.50	845.00
67007	1	79	Exptl	-260	2710	A	372	858.37	860.41	856.00
67007	1	80	Exptl	110	2820	D	310	869.31	871.35	867.00
67007	1	81	Exptl	-40	2780	D	699	881.70	883.74	879.00
67007	1	82	Exptl	0	2780	None	.	894.00	896.00	889.00
67007	1	83	Exptl	110	2890	C	259	903.26	905.30	901.00
67007	1	84	Exptl	210	3100	A	278	915.28	917.31	913.00
67007	1	85	Exptl	100	3200	D	325	926.33	928.36	924.00
67007	1	86	Exptl	90	3290	C	298	936.30	938.33	934.00
67007	1	87	Exptl	190	3480	A	271	947.27	949.31	945.00
67007	1	88	Exptl	100	3580	C	313	957.31	959.35	955.00
67007	1	89	Exptl	-40	3540	D	280	968.28	970.32	966.00
67007	1	90	Exptl	-50	3490	D	283	978.28	980.33	976.00
67007	1	91	Exptl	-260	3230	A	294	989.30	991.33	987.00
67007	1	92	Exptl	-40	3190	C	317	1000.32	1002.36	998.00
67007	1	93	Exptl	200	3390	A	282	1012.29	1014.31	1010.00
67007	1	94	Exptl	100	3490	D	547	1023.55	1025.58	1021.00
67007	1	95	Exptl	90	3580	D	252	1035.25	1037.29	1033.00
67007	1	96	Exptl	-240	3340	A	357	1047.36	1049.39	1045.00
67007	1	97	Exptl	-40	3300	C	293	1057.29	1059.33	1055.00
67007	1	98	Exptl	-50	3250	D	652	1068.65	1070.69	1066.00
67007	1	99	Exptl	-250	3000	A	310	1078.31	1080.34	1076.00
67007	1	100	Exptl	110	3110	D	286	1090.29	1092.33	1088.00
Sno	VisitNo	TrialNo	Cond	Change	Total	Picked	RT	TPick	TFixOnTStart
67009	1	1	Exptl	200	2200	A	2391	4.39	6.43	0.00
67009	1	2	Exptl	90	2290	C	1502	13.50	15.53	10.00
67009	1	3	Exptl	100	2390	D	396	24.40	26.43	22.00
67009	1	4	Exptl	190	2580	B	.	36.00	38.03	34.00
67009	1	5	Exptl	190	2770	A	706	47.71	49.74	45.00
67009	1	6	Exptl	-250	2520	A	542	58.54	60.57	56.00
67009	1	7	Exptl	90	2610	D	599	69.60	71.63	67.00
67009	1	8	Exptl	-240	2370	B	1095	80.10	82.13	77.00
67009	1	9	Exptl	210	2580	A	1314	90.32	92.34	87.00
67009	1	10	Exptl	-40	2540	C	.	99.00	101.04	97.00
67009	1	11	Exptl	-240	2300	A	744	110.74	112.77	108.00
67009	1	12	Exptl	200	2500	B	651	122.65	124.68	120.00
67009	1	13	Exptl	-50	2450	D	762	134.76	136.79	132.00
67009	1	14	Exptl	100	2550	C	15	145.02	147.05	143.00
67009	1	15	Exptl	-260	2290	A	.	156.00	158.03	154.00
67009	1	16	Exptl	-260	2030	B	795	168.80	170.82	166.00
67009	1	17	Exptl	-40	1990	C	968	178.97	181.00	176.00
67009	1	18	Exptl	110	2100	D	1089	190.09	192.12	187.00
67009	1	19	Exptl	190	2290	A	1060	200.06	202.09	197.00
67009	1	20	Exptl	110	2400	C	509	211.51	213.54	209.00
67009	1	21	Exptl	210	2610	B	1078	222.08	224.10	219.00
67009	1	22	Exptl	-40	2570	D	416	232.42	234.45	230.00
67009	1	23	Exptl	210	2780	B	851	244.85	246.88	242.00
67009	1	24	Exptl	-260	2520	A	543	254.54	256.56	252.00
67009	1	25	Exptl	-260	2260	B	759	264.76	266.79	262.00
67009	1	26	Exptl	90	2350	C	816	275.82	277.84	273.00
67009	1	27	Exptl	0	2350	None	.	290.00	292.00	285.00
67009	1	28	Exptl	210	2560	A	508	297.51	299.53	295.00
67009	1	29	Exptl	90	2650	D	1372	310.37	312.40	307.00
67009	1	30	Exptl	190	2840	B	546	320.55	322.57	318.00
67009	1	31	Exptl	-60	2780	C	911	330.91	332.93	328.00
67009	1	32	Exptl	-60	2720	D	751	340.75	342.77	338.00
67009	1	33	Exptl	-250	2470	B	694	350.69	352.72	348.00
67009	1	34	Exptl	-240	2230	A	334	362.33	364.37	360.00
67009	1	35	Exptl	110	2340	C	.	372.00	374.02	370.00
67009	1	36	Exptl	-60	2280	C	326	383.33	385.36	381.00
67009	1	37	Exptl	-240	2040	B	36	394.04	396.07	392.00
67009	1	38	Exptl	-240	1800	A	400	406.40	408.43	404.00
67009	1	39	Exptl	-50	1750	C	755	417.76	419.78	415.00
67009	1	40	Exptl	-40	1710	D	388	427.39	429.42	425.00
67009	1	41	Exptl	190	1900	A	749	438.75	440.77	436.00
67009	1	42	Exptl	110	2010	D	832	449.83	451.86	447.00
67009	1	43	Exptl	100	2110	C	731	461.73	463.76	459.00
67009	1	44	Exptl	200	2310	B	472	473.47	475.50	471.00
67009	1	45	Exptl	-60	2250	D	925	483.93	485.96	481.00
67009	1	46	Exptl	210	2460	B	1050	496.05	498.08	493.00
67009	1	47	Exptl	110	2570	C	331	506.33	508.36	504.00
67009	1	48	Exptl	210	2780	A	611	518.61	520.64	516.00
67009	1	49	Exptl	90	2870	D	524	528.52	530.56	526.00
67009	1	50	Exptl	-260	2610	A	500	540.50	542.53	538.00
67009	1	51	Exptl	190	2800	B	351	551.35	553.38	549.00
67009	1	52	Exptl	-40	2760	C	629	563.63	565.66	561.00
67009	1	53	Exptl	110	2870	D	1136	574.14	576.17	571.00
67009	1	54	Exptl	210	3080	A	320	585.32	587.35	583.00
67009	1	55	Exptl	-60	3020	C	697	595.70	597.73	593.00
67009	1	56	Exptl	-260	2760	B	877	606.88	608.91	604.00
67009	1	57	Exptl	-60	2700	D	809	616.81	618.84	614.00
67009	1	58	Exptl	-40	2660	C	387	628.39	630.42	626.00
67009	1	59	Exptl	-260	2400	B	487	639.49	641.52	637.00
67009	1	60	Exptl	-60	2340	D	1341	651.34	653.38	648.00
67009	1	61	Exptl	-240	2100	B	772	662.77	664.80	660.00
67009	1	62	Exptl	90	2190	C	614	672.61	674.64	670.00
67009	1	63	Exptl	210	2400	B	912	684.91	686.94	682.00
67009	1	64	Exptl	90	2490	D	443	696.44	698.46	694.00
67009	1	65	Exptl	190	2680	A	452	707.45	709.48	705.00
67009	1	66	Exptl	110	2790	C	396	718.40	720.43	716.00
67009	1	67	Exptl	-250	2540	B	369	729.37	731.39	727.00
67009	1	68	Exptl	200	2740	A	1590	740.59	742.61	737.00
67009	1	69	Exptl	110	2850	D	867	749.87	751.90	747.00
67009	1	70	Exptl	-50	2800	C	637	759.64	761.67	757.00
67009	1	71	Exptl	190	2990	B	2216	772.22	774.25	768.00
67009	1	72	Exptl	-40	2950	D	1915	783.92	785.95	780.00
67009	1	73	Exptl	90	3040	C	651	792.65	794.68	790.00
67009	1	74	Exptl	-240	2800	B	265	804.27	806.29	802.00
67009	1	75	Exptl	-260	2540	A	1033	815.03	817.07	812.00
67009	1	76	Exptl	-60	2480	C	529	825.53	827.56	823.00
67009	1	77	Exptl	-260	2220	B	1233	836.23	838.26	833.00
67009	1	78	Exptl	100	2320	D	1523	848.52	850.55	845.00
67009	1	79	Exptl	-240	2080	A	422	858.42	860.46	856.00
67009	1	80	Exptl	-40	2040	D	1302	870.30	872.33	867.00
67009	1	81	Exptl	100	2140	C	449	881.45	883.48	879.00
67009	1	82	Exptl	200	2340	B	1078	892.08	894.11	889.00
67009	1	83	Exptl	-50	2290	D	738	903.74	905.76	901.00
67009	1	84	Exptl	-250	2040	A	769	915.77	917.80	913.00
67009	1	85	Exptl	110	2150	C	537	926.54	928.57	924.00
67009	1	86	Exptl	210	2360	B	671	936.67	938.69	934.00
67009	1	87	Exptl	190	2550	A	787	947.79	949.81	945.00
67009	1	88	Exptl	-60	2490	D	624	957.62	959.65	955.00
67009	1	89	Exptl	-40	2450	C	747	968.75	970.78	966.00
67009	1	90	Exptl	90	2540	D	860	978.86	980.89	976.00
67009	1	91	Exptl	-240	2300	A	491	989.49	991.52	987.00
67009	1	92	Exptl	190	2490	B	880	1000.88	1002.90	998.00
67009	1	93	Exptl	-60	2430	C	540	1012.54	1014.57	1010.00
67009	1	94	Exptl	90	2520	C	621	1023.62	1025.66	1021.00
67009	1	95	Exptl	-260	2260	B	498	1035.50	1037.53	1033.00
67009	1	96	Exptl	210	2470	A	381	1047.38	1049.40	1045.00
67009	1	97	Exptl	110	2580	D	794	1057.79	1059.83	1055.00
67009	1	98	Exptl	-240	2340	B	749	1068.75	1070.78	1066.00
67009	1	99	Exptl	210	2550	B	1999	1080.00	1082.03	1076.00
67009	1	100	Exptl	-40	2510	C	1196	1091.20	1093.23	1088.00
Sno	VisitNo	TrialNo	Cond	Change	Total	Picked	RT	TPick	TFixOnTStart
102	1	1	Exptl	190	2190	B	1361	3.36	5.38	0.00
102	1	2	Exptl	-240	1950	B	542	12.54	14.56	10.00
102	1	3	Exptl	200	2150	B	1524	25.53	27.54	22.00
102	1	4	Exptl	90	2240	C	910	36.91	38.92	34.00
102	1	5	Exptl	100	2340	D	2283	49.28	51.30	45.00
102	1	6	Exptl	200	2540	A	834	58.84	60.85	56.00
102	1	7	Exptl	190	2730	A	1183	70.18	72.20	67.00
102	1	8	Exptl	-250	2480	A	1019	80.02	82.03	77.00
102	1	9	Exptl	-260	2220	B	963	89.96	91.98	87.00
102	1	10	Exptl	-40	2180	C	1490	100.49	102.50	97.00
102	1	11	Exptl	90	2270	D	1513	111.51	113.53	108.00
102	1	12	Exptl	-50	2220	D	722	122.72	124.74	120.00
102	1	13	Exptl	100	2320	C	608	134.61	136.62	132.00
102	1	14	Exptl	-40	2280	C	1031	146.03	148.05	143.00
102	1	15	Exptl	110	2390	D	984	156.99	159.00	154.00
102	1	16	Exptl	210	2600	A	1244	169.25	171.26	166.00
102	1	17	Exptl	-240	2360	A	503	178.50	180.52	176.00
102	1	18	Exptl	-40	2320	D	1635	190.64	192.65	187.00
102	1	19	Exptl	110	2430	C	701	199.70	201.72	197.00
102	1	20	Exptl	210	2640	B	980	211.98	213.99	209.00
102	1	21	Exptl	90	2730	C	854	221.86	223.87	219.00
102	1	22	Exptl	210	2940	B	768	232.77	234.78	230.00
102	1	23	Exptl	-60	2880	C	687	244.69	246.70	242.00
102	1	24	Exptl	-260	2620	B	928	254.93	256.94	252.00
102	1	25	Exptl	110	2730	C	1788	265.79	267.80	262.00
102	1	26	Exptl	-60	2670	C	1255	276.26	278.27	273.00
102	1	27	Exptl	90	2760	D	1096	288.10	290.11	285.00
102	1	28	Exptl	-60	2700	D	986	297.99	300.00	295.00
102	1	29	Exptl	-50	2650	C	1192	310.19	312.21	307.00
102	1	30	Exptl	-260	2390	A	894	320.90	322.91	318.00
102	1	31	Exptl	100	2490	C	741	330.74	332.76	328.00
102	1	32	Exptl	110	2600	C	710	340.71	342.72	338.00
102	1	33	Exptl	-40	2560	D	1073	351.07	353.09	348.00
102	1	34	Exptl	-40	2520	C	1570	363.57	365.58	360.00
102	1	35	Exptl	-60	2460	C	674	372.68	374.69	370.00
102	1	36	Exptl	190	2650	B	1736	384.74	386.75	381.00
102	1	37	Exptl	-40	2610	C	1986	395.99	398.00	392.00
102	1	38	Exptl	-250	2360	B	1185	407.19	409.20	404.00
102	1	39	Exptl	110	2470	D	1050	418.05	420.06	415.00
102	1	40	Exptl	-60	2410	D	672	427.67	429.69	425.00
102	1	41	Exptl	90	2500	C	554	438.56	440.57	436.00
102	1	42	Exptl	110	2610	C	1318	450.32	452.33	447.00
102	1	43	Exptl	90	2700	D	721	461.72	463.74	459.00
102	1	44	Exptl	-50	2650	C	1261	474.26	476.28	471.00
102	1	45	Exptl	110	2760	D	1109	484.11	486.12	481.00
102	1	46	Exptl	-60	2700	D	657	495.66	497.67	493.00
102	1	47	Exptl	90	2790	C	974	506.98	508.99	504.00
102	1	48	Exptl	-60	2730	C	1118	519.12	521.13	516.00
102	1	49	Exptl	-60	2670	D	1571	529.57	531.59	526.00
102	1	50	Exptl	100	2770	C	840	540.84	542.85	538.00
102	1	51	Exptl	110	2880	C	1226	552.23	554.24	549.00
102	1	52	Exptl	-40	2840	C	527	563.53	565.54	561.00
102	1	53	Exptl	90	2930	D	980	573.98	575.99	571.00
102	1	54	Exptl	-60	2870	C	741	585.74	587.76	583.00
102	1	55	Exptl	110	2980	D	423	595.42	597.44	593.00
102	1	56	Exptl	-40	2940	D	1445	607.45	609.46	604.00
102	1	57	Exptl	90	3030	C	1322	617.32	619.34	614.00
102	1	58	Exptl	-40	2990	C	1284	629.29	631.30	626.00
102	1	59	Exptl	100	3090	D	482	639.48	641.50	637.00
102	1	60	Exptl	190	3280	A	493	650.49	652.51	648.00
102	1	61	Exptl	-50	3230	C	517	662.52	664.53	660.00
102	1	62	Exptl	-40	3190	D	1173	673.17	675.19	670.00
102	1	63	Exptl	-260	2930	A	882	684.88	686.90	682.00
102	1	64	Exptl	-60	2870	C	713	696.71	698.73	694.00
102	1	65	Exptl	-50	2820	D	1087	708.09	710.10	705.00
102	1	66	Exptl	-240	2580	B	833	718.84	720.85	716.00
102	1	67	Exptl	90	2670	C	833	729.83	731.85	727.00
102	1	68	Exptl	110	2780	C	958	739.96	741.97	737.00
102	1	69	Exptl	-60	2720	D	827	749.83	751.84	747.00
102	1	70	Exptl	90	2810	C	1295	760.30	762.31	757.00
102	1	71	Exptl	100	2910	C	1274	771.28	773.29	768.00
102	1	72	Exptl	-40	2870	C	709	782.71	784.72	780.00
102	1	73	Exptl	90	2960	D	747	792.75	794.76	790.00
102	1	74	Exptl	110	3070	D	659	804.66	806.67	802.00
102	1	75	Exptl	-60	3010	D	1133	815.14	817.15	812.00
102	1	76	Exptl	-40	2970	C	840	825.84	827.85	823.00
102	1	77	Exptl	90	3060	D	692	835.69	837.70	833.00
102	1	78	Exptl	110	3170	D	768	847.77	849.78	845.00
102	1	79	Exptl	-40	3130	D	1204	859.21	861.22	856.00
102	1	80	Exptl	-60	3070	C	881	869.88	871.90	867.00
102	1	81	Exptl	100	3170	D	1236	882.24	884.25	879.00
102	1	82	Exptl	-40	3130	D	1188	892.19	894.20	889.00
102	1	83	Exptl	90	3220	C	457	903.46	905.47	901.00
102	1	84	Exptl	110	3330	C	832	915.83	917.85	913.00
102	1	85	Exptl	110	3440	C	399	926.40	928.41	924.00
102	1	86	Exptl	-60	3380	C	1192	937.19	939.21	934.00
102	1	87	Exptl	-50	3330	D	852	947.85	949.87	945.00
102	1	88	Exptl	-50	3280	C	.	957.00	959.02	955.00
102	1	89	Exptl	100	3380	C	548	968.55	970.56	966.00
102	1	90	Exptl	110	3490	C	612	978.61	980.63	976.00
102	1	91	Exptl	-40	3450	C	1037	990.04	992.05	987.00
102	1	92	Exptl	-60	3390	C	784	1000.79	1002.80	998.00
102	1	93	Exptl	100	3490	D	572	1012.57	1014.59	1010.00
102	1	94	Exptl	90	3580	D	599	1023.60	1025.61	1021.00
102	1	95	Exptl	-50	3530	D	947	1035.95	1037.96	1033.00
102	1	96	Exptl	90	3620	C	632	1047.63	1049.65	1045.00
102	1	97	Exptl	-40	3580	C	623	1057.62	1059.64	1055.00
102	1	98	Exptl	110	3690	D	1279	1069.28	1071.29	1066.00
102	1	99	Exptl	-40	3650	D	1004	1079.01	1081.02	1076.00
102	1	100	Exptl	90	3740	D	758	1090.76	1092.77	1088.00
